   9.3400000e-02   1.2087900e+01   0.0000000e+00
   6.4550000e-01   1.3714300e+01   0.0000000e+00
   1.1400000e+00   1.5120900e+01   0.0000000e+00
   1.6131000e+00   1.6219800e+01   0.0000000e+00
   1.8643000e+00   1.7340700e+01   0.0000000e+00
   2.0425000e+00   1.8593400e+01   0.0000000e+00
   2.1093000e+00   1.9802200e+01   0.0000000e+00
   2.1384000e+00   2.0945100e+01   0.0000000e+00
   2.1449000e+00   2.1648400e+01   0.0000000e+00
   2.3008000e+00   2.2483500e+01   0.0000000e+00
   2.6992000e+00   2.3516500e+01   0.0000000e+00
   3.1709000e+00   2.4461500e+01   0.0000000e+00
   3.6602000e+00   2.5296700e+01   0.0000000e+00
   4.1675000e+00   2.6087900e+01   0.0000000e+00
