>
2.2538,-2.5934,0
2.4805,-2.1099,0
3.1064,-0.5055,0
4.0358,1.8681,0
4.5867,3.3626,0
4.9646,4.1758,0
>
0.8303,3.6703,0
1.7061,6.2637,0
1.917,7.033,0
>
2.0381,6.1099,0
2.3274,7.3626,0
2.5232,8.5055,0
2.6652,9.8462,0
>
2.6441,7.5604,0
3.1022,9.033,0
>
7.1827,-0.2637,0
6.6453,1.6923,0
5.9945,3.4066,0
5.813,3.8022,0
5.0136,5.4725,0
3.9585,7.5165,0
3.3398,8.7033,0
3.1022,9.033,0
2.6652,9.8462,0
2.137,10.7912,0
>
5.813,3.8022,0
6.2827,6.5275,0
6.7489,8.8791,0
7.1508,10.2857,0
7.6817,11.6264,0
>
3.3398,8.7033,0
4.2705,11.2088,0
4.9719,12.967,0
5.4072,13.978,0
5.7501,15.011,0
>
-0.8757,5.4286,0
0.1703,8.3956,0
0.7405,9.978,0
1.2363,11.5165,0
1.8826,13.3187,0
2.4685,14.5934,0
3.1109,15.978,0
>
3.1459,13.7582,0
3.7603,16.1099,0
4.3313,17.7802,0
4.6575,19.011,0
>
0.0934,12.0879,0
0.6455,13.7143,0
1.14,15.1209,0
1.6131,16.2198,0
1.8643,17.3407,0
2.0425,18.5934,0
2.1093,19.8022,0
2.1384,20.9451,0
2.1449,21.6484,0
2.3008,22.4835,0
2.6992,23.5165,0
3.1709,24.4615,0
3.6602,25.2967,0
4.1675,26.0879,0
>
2.5777,22.3956,0
2.7414,22.0659,0
3.382,21.2527,0
4.2605,20.1319,0
5.1943,18.989,0
6.0714,17.7143,0
6.7857,16.8571,0
7.6441,15.5604,0
8.8323,13.8901,0
>
4.6182,20.7692,0
5.2391,19.8242,0
5.8431,19.0549,0
6.5568,18.1319,0
7.0501,17.4066,0
7.7088,16.5495,0
8.1665,15.978,0
10.1219,13.1648,0